“’ 196 x ¹ 1111111111

101111 0011111001.1111 0001101101 de 1111000100, om h 011· 110010
· 0111000100οε 110101100011110010 10 0011110111“’·.

[1111010105 011 0100111000 000111011
10111011. 1101101100, 00001010 00 11011111οι010 001001 000 weiGlg
111010100011110010 1100110 00βο0100010

0001101011, 0011011011 uit 000 000011001011015010 Loop 001 0110·
gun 11011 gmg 0011 000 01010010011010011 600001011οη 1111011010
; 0101011001101001000001000110110ὓ,11-100011001·00101.-000000
10110,’1000010010111000000010101000010000100000000100
en 1000101011 00111011010010111110,010010010,001000000000

010010 10000011.

0)001101011, 01001010 0110000000100111011011, 0000110001·
1010110010 011001 0010100. “

0) 1001010 011 000101101100011101. 10100100 by 00 0011110010. 010000
“ 001100 1010011.
Algemeene Themin 001 80111001101101.

α) 1000011101 0100000010001. 0100011101 101111; 011 00 1111000·

· 1011 om 001 0001 10 1101011100. “ . ,
1) 8010100000οο 11111110 ,001 11111111. Ἀ
1101 10101001 111 100 001001, 00 111 1101 0010000101 1011
' 00010110 000100. ’ -

0) De 1000100000οε 011 00011000100100001001110001 11100010 00
,0010 11100100 011 00100001000011,010 0011 0010101010 »111
0001000101 0001 000 00 11100110 001 0011100100οῑ 1101011ρὰ000.
1001011110,Μο00011101100; 110110010001, 110010101011 Moet-
111100101110101111·Οι1011010·0111“01011001110;01011-001001·
10111100ος 1110101110 0011111001, 011 0105100110001 1001100010100

10 10000110 00 0130010000 11100110 001 01111001101111· 110 00 0101100
10001000010 1100010110 11, 0001 Ge 101010 10000010 0011111 0011101

Ι,1001111010 0111100 00 110110000010 001001 0001111 1011 10110100 go·
000010. ·

Δ]01.1.1. 000011001100 01 01- 0110001011 1101111011 0000110010. 00010011,

om 10 000100010110001001110001010 111 00 11010110 0011110010 10
00111100. (111. 130.)

, 0010110100 001 1100001100οπ 011 100000010100010 {egen 00

1100101100110 0100011110 001 8011100110011. (111. 100.) ’
0001000 0111101 001 1101Ιο000100 10 00 801110011011110 01 111
10000110 0000110 00111101 10 0001 enne 1111101110.1011
1001000100οη 1011101011001100010101 101101. (111, 010.)]ιο

,, 1101101001, 0111 Το0101’11100000000001001. 1111 1111·.011-Ι

40110011 vm 0111,,11111.1.100 10 1100110111.

,101100001100 0001 00 00110011 ,van 1101 (1011101 000 0110110100οο 11ίο10110·

- .- 001110010110000110110, 01100 0110001011, 00001111101001001001
. 00110100. , - - .

1111. sn. 11. 01. 0,) ,,μ

¹ '⁵ 10001

 

